APC_star_USD=2379441457030.982422
Project_Cost_USD=2402907349112.155762
Leverage=1.0099
